event_id	team_id	
1	3
2	5
3	8
4	6
5	1
18	7
19	3
21	6
22	8
23	1
24	5
30	5
31	6
32	7
36	4
37	8
38	1
39	3
40	3
41	8
42	1
43	5
48	4
49	7
50	9
51	10
52	7
53	9
55	11
56	2
57	12
58	13
59	14
60	15
61	16
62	4
63	17
64	23
65	11
66	28
67	17
68	23
69	22
70	29
71	4
72	27
73	28
74	22
75	17
76	28
77	4
78	4
79	14
80	12
81	13
82	24
83	27
84	4
85	21
86	4
88	10
89	17
90	26
91	26
92	9
93	18
94	25
95	27
96	10
97	2
98	22
99	25
100	2
101	18
102	10
103	27
104	17
105	18
106	24
107	19
108	25
109	27
110	17
111	10
112	2
113	24
114	18
115	19
121	9
123	9
127	20
128	2
129	18
130	2
131	20
132	18
133	19
