concert_id	piece_id	order
1	3	1000
1	4	1010
1	5	1020
1	7	1030
1	6	1040
2	8	1050
2	9	1060
2	10	1070
2	7	1080
2	11	1090
3	12	1110
3	13	1120
3	7	1130
3	14	1140
4	15	1150
4	16	1160
4	7	1170
4	17	1180
5	20	1190
5	21	1200
5	18	1210
5	7	1220
5	19	1230
6	24	1240
6	25	1250
6	7	1260
6	26	1270
7	27	1280
7	7	1290
7	28	1300
8	29	1310
9	30	1320
10	31	1330
11	32	1350
12	33	1360
12	34	1370
12	35	1380
12	36	1390
12	37	1400
13	38	1410
13	39	1420
13	40	1430
13	7	1440
13	41	1450
14	42	1460
14	43	1470
14	44	1480
14	7	1490
14	45	1500
15	39	1510
15	46	1520
15	7	1530
15	47	1540
16	48	1550
16	49	1560
16	50	1570
16	51	1580
16	7	1590
16	52	1600
17	53	1610
17	5	1620
17	7	1630
17	54	1640
18	55	1650
18	56	1660
19	57	1670
20	58	1680
20	59	1690
20	60	1700
21	61	1710
21	62	1720
22	63	1730
23	64	1740
23	65	1750
23	66	1760
24	67	1770
24	68	1780
24	69	1790
24	7	1800
24	70	1810
25	71	1820
25	72	1830
25	7	1840
25	73	1850
26	74	1860
26	75	1870
26	7	1880
26	76	1890
27	77	1900
28	78	1910
28	79	1920
28	80	1930
29	81	1940
29	82	1950
29	83	1960
29	84	1970
29	86	1980
29	85	1990
30	77	2000
31	61	2010
32	87	2020
32	88	2030
32	89	2040
32	90	2050
33	91	2060
33	92	2070
33	93	2080
33	7	2090
33	94	2100
34	91	2110
34	92	2120
34	93	2130
34	7	2140
34	95	2150
34	96	2160
35	77	2170
35	7	2180
35	97	2190
36	98	2200
36	99	2210
36	100	2220
36	101	2230
36	7	2240
36	102	2250
37	103	2260
37	104	2270
37	7	2280
37	105	2290
39	106	2300
39	107	2310
39	108	2320
39	109	2330
39	110	2340
39	111	2350
40	112	2360
40	113	2370
41	114	2380
41	115	2390
42	117	2400
42	118	2410
42	119	2420
42	120	2430
42	7	2440
42	121	2450
42	122	2460
43	123	2470
43	124	2480
43	125	2490
43	126	2500
44	127	2510
44	128	2520
44	129	2530
44	130	2540
45	131	2550
45	132	2560
45	133	2570
45	134	2580
45	7	2590
45	135	2600
45	136	2610
46	137	2630
46	138	2640
47	139	2650
47	140	2660
47	141	2670
47	142	2680
47	114	2690
48	144	2700
48	145	2710
48	146	2720
48	7	2730
48	147	2740
49	148	2750
49	149	2760
49	150	2770
49	151	2780
49	152	2790
50	153	2800
50	154	2810
50	155	2820
51	156	2830
51	157	2840
51	158	2850
51	7	2860
51	159	2870
52	160	2880
52	161	2890
52	7	2900
52	162	2910
53	163	2920
55	164	2930
55	165	2940
55	166	2950
56	167	2960
56	168	2970
56	7	2980
56	169	2990
57	170	3000
57	171	3010
57	172	3020
58	173	3030
58	174	3040
58	175	3050
59	61	3060
59	58	3070
61	176	3080
61	177	3090
61	7	3100
61	178	3110
